freja
	64	128	256	512	1024	2048	4096	8192	16384
1	0.575787	0.333256	0.240964	0.180270	0.069440	0.027112	0.006670	0.005232	0.000102	
2	0.337356	0.212887	0.144646	0.113364	0.045740	0.018785	0.004582	0.003667	0.000052	
4	0.215248	0.144886	0.089653	0.071202	0.032335	0.013579	0.003916	0.002907	0.000029	
8	0.155167	0.116820	0.068542	0.053695	0.023554	0.011432	0.003275	0.002438	0.000014	
16	0.149736	0.107505	0.059484	0.045554	0.019522	0.011032	0.002803	0.001840	0.000008	

topex
	64	128	256	512	1024	2048	4096	8192	16384
1	0.620056	0.437415	0.307630	0.232868	0.135684	0.029779	0.001765	0.001751	0.000089	
2	0.368059	0.271696	0.195842	0.148636	0.085393	0.023131	0.001490	0.001476	0.000046	
4	0.235613	0.182264	0.131722	0.100060	0.056015	0.018532	0.002023	0.001997	0.000027	
8	0.178644	0.138110	0.099471	0.078365	0.044596	0.021986	0.003615	0.003589	0.000012	
16	0.149728	0.121007	0.092482	0.064969	0.037541	0.021498	0.005468	0.005442	0.000007	

traps
	64	128	256	512	1024	2048	4096	8192	16384
1	0.454369	0.257270	0.174209	0.111997	0.053282	0.027328	0.016301	0.001241	0.000450	
2	0.294284	0.166889	0.111117	0.071061	0.034905	0.018214	0.011179	0.000772	0.000231	
4	0.227129	0.143086	0.086326	0.049901	0.027209	0.014584	0.008324	0.000520	0.000121	
8	0.214811	0.141107	0.093688	0.054590	0.035086	0.014027	0.007430	0.000454	0.000066	
16	0.204571	0.135287	0.088642	0.051102	0.033293	0.012690	0.005767	0.000350	0.000028	

